# 2011 Impreza Turbo Diesel 2.0 6MT EDM 110 kW / 150 PS, Euro 5, CID JZ4A110B
# Subaru Diesel Crew

62  00 00  18 3B 80 13
62  00 20  A0 01 A0 15
62  00 40  44 D0 00 41
62  00 60  00 00 00 01
62  00 80  00 00 00 01
62  00 A0  00 00 00 01
62  00 C0  00 00 00 01
62  00 E0  00 00 00 00

62  10 00  FF C0 00 03
62  10 20  40 79 C0 01
62  10 40  00 00 00 01
62  10 60  A0 00 00 01
62  10 80  01 00 00 01
62  10 A0  86 10 40 01
62  10 C0  00 00 00 01
62  10 E0  20 00 00 01

62  11 00  00 00 0F FF
62  11 20  F0 FF 0E 01
62  11 40  00 FC 3F E1
62  11 60  FF FF FF FF
62  11 80  FF FF 00 01
62  11 A0  00 00 00 01
62  11 C0  5D 50 7E D9
62  11 E0  00 00 30 01

62  12 00  00 00 00 01
62  12 20  00 03 F0 01
62  12 40  18 4E B3 FF
62  12 60  40 00 00 00
