# 2014 Forester 2.5 XT DIT, engine FB25, CVT, non-turbo, CID EA1M220F
# contribution by "Alexander"

62  10 00  FF C0 00 0D
62  10 20  50 00 00 19
62  10 40  00 00 00 01
62  10 60  A0 00 00 01
62  10 80  01 80 00 01
62  10 A0  AC 04 DF D5
62  10 C0  80 00 00 07
62  10 E0  2A 00 00 01
62  11 00  00 3C 10 01
62  11 20  80 00 1E 01
62  11 40  00 00 00 01
62  11 60  0C 00 18 01
62  11 80  00 00 00 01
62  11 A0  00 00 00 01
62  11 C0  5D 55 7E DD
62  11 E0  30 00 F8 01
62  12 00  00 00 00 01
62  12 20  00 07 F0 01
62  12 40  00 50 00 01
62  12 60  0C 00 1F F7
62  12 80  00 00 00 01
62  12 A0  C0 00 00 00
