# 2015 Forester Turbo Diesel 2.0 CVT 108 kW / 148 PS, Euro 6, CID JF7C100D
# draft, incomplete!
# Subaru Diesel Crew

62  10 00  FF C0 00 07
62  10 20  40 79 C0 1F
62  10 40  00 00 00 01
62  10 60  A0 00 00 01
62  10 80  01 00 00 01
62  10 A0  86 10 40 51
62  10 C0  00 40 00 03
62  10 E0  20 00 00 01

62  11 00  00 00 0F FD
62  11 20  F0 FF 12 03
62  11 40  00 BC 3F E9
62  11 60  FF FF FB FF
62  11 80  FF FF 00 01
62  11 A0  FE 01 FF E1
62  11 C0  1D 50 7E D9
62  11 E0  00 00 30 01

62  12 00  00 00 00 01
62  12 20  00 01 F0 01
62  12 40  18 5C B1 BF
62  12 60  41 00 00 15
62  12 80  03 00 21 C1
62  12 A0  00 00 00 01
62  12 C0  00 00 18 61
62  12 E0  00 C0 00 01
